(.6,.2,.1,.1)#主分类外其他分类均有体现
(.6,.4,0.,0.)#主分类外另有一分类体现明显
(.7,.2,.1,0.)#主分类外另有两分类有所体现且有主次之分
(.8,.2,0.,0.)#主分类外另有一分类有所体现
(.9,.1,0.,0.)#除主分类外其他成分很少


由于整个语料库并不大，而中文单词含义又很丰富，在这种条件下不能有效的学习捕捉词义，所以放弃了word2vec和RNN的想法，直接尝试dictionary vector作为输入fullyconnect+softmax作为网络结构

伤感(sad)：
[0.6, 0.2, 0.1, 0.1]
[0.6, 0.1, 0.2, 0.1]
[0.6, 0.1, 0.1, 0.2]
[0.6, 0.4, 0.0, 0.0]
[0.6, 0.0, 0.4, 0.0]
[0.6, 0.0, 0.0, 0.4]
[0.7, 0.2, 0.1, 0.0]
[0.7, 0.2, 0.0, 0.1]
[0.7, 0.1, 0.2, 0.0]
[0.7, 0.1, 0.0, 0.2]
[0.7, 0.0, 0.1, 0.2]
[0.7, 0.0, 0.2, 0.1]
[0.8, 0.2, 0.0, 0.0]
[0.8, 0.0, 0.2, 0.0]
[0.8, 0.0, 0.0, 0.2]
[0.9, 0.1, 0.0, 0.0]
[0.9, 0.0, 0.1, 0.0]
[0.9, 0.0, 0.0, 0.1]


抒情(loving)：
[0.1, 0.6, 0.2, 0.1]
[0.1, 0.6, 0.1, 0.2]
[0.2, 0.6, 0.1, 0.1]
[0.0, 0.6, 0.4, 0.0]
[0.0, 0.6, 0.0, 0.4]
[0.4, 0.6, 0.0, 0.0]
[0.0, 0.7, 0.2, 0.1]
[0.1, 0.7, 0.2, 0.0]
[0.0, 0.7, 0.1, 0.2]
[0.2, 0.7, 0.1, 0.0]
[0.2, 0.7, 0.0, 0.1]
[0.1, 0.7, 0.0, 0.2]
[0.0, 0.8, 0.2, 0.0]
[0.0, 0.8, 0.0, 0.2]
[0.2, 0.8, 0.0, 0.0]
[0.0, 0.9, 0.1, 0.0]
[0.0, 0.9, 0.0, 0.1]
[0.1, 0.9, 0.0, 0.0]


动感激情(passion)：
[0.1, 0.1, 0.6, 0.2]
[0.2, 0.1, 0.6, 0.1]
[0.1, 0.2, 0.6, 0.1]
[0.0, 0.0, 0.6, 0.4]
[0.4, 0.0, 0.6, 0.0]
[0.0, 0.4, 0.6, 0.0]
[0.1, 0.0, 0.7, 0.2]
[0.0, 0.1, 0.7, 0.2]
[0.2, 0.0, 0.7, 0.1]
[0.0, 0.2, 0.7, 0.1]
[0.1, 0.2, 0.7, 0.0]
[0.2, 0.1, 0.7, 0.0]
[0.0, 0.0, 0.8, 0.2]
[0.2, 0.0, 0.8, 0.0]
[0.0, 0.2, 0.8, 0.0]
[0.0, 0.0, 0.9, 0.1]
[0.1, 0.0, 0.9, 0.0]
[0.0, 0.1, 0.9, 0.0]


雄壮豁达(heroic)
[0.2, 0.1, 0.1, 0.6]
[0.1, 0.2, 0.1, 0.6]
[0.1, 0.1, 0.2, 0.6]
[0.4, 0.0, 0.0, 0.6]
[0.0, 0.4, 0.0, 0.6]
[0.0, 0.0, 0.4, 0.6]
[0.2, 0.1, 0.0, 0.7]
[0.2, 0.0, 0.1, 0.7]
[0.1, 0.2, 0.0, 0.7]
[0.1, 0.0, 0.2, 0.7]
[0.0, 0.1, 0.2, 0.7]
[0.0, 0.2, 0.1, 0.7]
[0.2, 0.0, 0.0, 0.8]
[0.0, 0.2, 0.0, 0.8]
[0.0, 0.0, 0.2, 0.8]
[0.1, 0.0, 0.0, 0.9]
[0.0, 0.1, 0.0, 0.9]
[0.0, 0.0, 0.1, 0.9]